284 lunam Unum.

1. 975 (888, 9) ,1. 101. 1. 519 (951) p. 211.
a. 276 (889, 90) [1. 102. 11. δῆ) (952) [1. 212.
1. 980 (895, 4) ,1. 150, 155. 1. 591 (955) ,1. 915. 914.
1, 981 (894, 5) ,1. 155. 159. 1, 599 (955, 4) ,1. 915.
1, 989 (895, 9) ,1. 159. .595 (954, 5) ,1. 919,
1. 985 (899, 7) ,1. 157. ,594 (955, 9),1.917.
1, 984 (897, 8) ,1. 158. 1 595 (959, 7),1.919
1, 985 (898) ,1. 158. ,599 (957, 8) ,1, 990,
a. 286 (899) [1. 138. .527 (958, 9) [1. 220.
ι. 987 (900) p. ¹39. 11. 528 (959,)10) [1. 221.
a. 288 (900, 1) p. 160. ι. 529(9’10, 1) [1. 221.
a. 289 (901, 2) [1. 1611. 161. a. 550 (941, 2) [1, 222.
1. 990 (909, 5) ,1. 101. 1, 551 (949, 5),
11. 291 (905, 4) [1. 162. a. 552 (945, 4)[1
1, 999 (904, 5) ,1. 195, 194. 1. 555 (944, 5) ,1. 999.
1. 995 (905, 9) ,1 195. ,554 (945, 9),1.999.
1, 994 (909, 7) ,1. 197. 171. 1. 555 (949, 7) ,1, 997. 998,
1. 995 (907, 8) ,1. 171. 1. 557 (948, 9) ,1. 999.
1, 999 (908, 9) ,1. 179, .559 (950,1),1
1. 997 (909, 10) ,1. 175. 1. 540 (951, 9),1.951.
1. 998 (910,1),1.175.179,1. 541 (959, 5),1

,999 (911, 9) ,1. 177. 178. 1, 549 (955, 4),1. 4.

185. 1. 545 (954, 5) ,1. 255. 959. ·
11. 500 (912, 5) p. 179 180. ει. 544 (055, 6) [1. 257.
181.185.1, 559 (999, 70) ,1. 959.
1. 501 (915, 4) ,1.189.185.1. 590 (970, 1) ,1. 940,
189 187.1. 594 (974, 5) ,1, 941,

ι. 502 (014, ὅ) ,1.185.187.1. 50⁷ (977, 8) p. 2⁴1.
1. 505 (015, 9) ,1. 100. ¹88 241²* Scht‘raz.
1, 504 (919, 7),1..191
1. 505 (917, 8) ,1.199, a· 2⁷⁰ (885. 4) 1)· 9⁹·
1. 509 (1118, 9) ,1. 105. a· ²⁷⁷ (800, ¹) 1)· 150·
1. 507 (919, 90) ,1. 195. a· 28³ (899, 7) ,1. 151.
a. 508 (920,1) [1.197. a. 286 (899, 900) [1, 151.
1. 509 (021, 9) ,1 100. ι· 505 (⁹5⁴ SM> 2⁴9
1. 510 (022, 5) ,1. 900. ·· 550 (057. 8) ι.» 200-
1. 511 (995, 4) ,1. 909. ⁸· 3³³ (044 5)

,519 (994, 5) ,1. 905. ³· ³³⁰ (01⁷, 8) 1)· 2²¹·
1,515(995,9),1..905
1. 514 (999, 7) ,1, 205. 909. ,b
1. 515 (997, 8) ,1. 907.
1. 519 (998. 9),1 ..208 ωμίᾼρ· Ταόενιὶςεαη.

1, 517 (020, 50>⁹ ,1. 900. 3²12. pro Μ Amol.
1. 518 (950, 1) ,1. 910. 211. 1, 100 (805, 9) ,1. 58.

